{
 "cells": [
  {
   "cell_type": "code",
   "execution_count": 9,
   "metadata": {},
   "outputs": [],
   "source": [
    "import mip\n",
    "import pickle"
   ]
  },
  {
   "cell_type": "code",
   "execution_count": 5,
   "metadata": {},
   "outputs": [],
   "source": [
    "with open(\"output.pkl\",\"rb\") as f:\n",
    "    dic = pickle.load(f)"
   ]
  },
  {
   "cell_type": "code",
   "execution_count": 6,
   "metadata": {},
   "outputs": [
    {
     "data": {
      "text/plain": [
       "{'000000': [[0.33333333333340454, 0.3333333333334678, 0.3333333333333434],\n",
       "  [0.3333333333333253, 0.3333333333331383, 0.33333333333327014],\n",
       "  [0.3333333333332702, 0.3333333333333939, 0.33333333333328574]],\n",
       " '000001': [[0.3333333333331924, 0.33333333333324566, 0.3333333333333787],\n",
       "  [0.33333333333369036, 0.33333333333295706, 0.3333333333334361],\n",
       "  [0.33333333333365567, 0.3333333333331592, 0.3333333333331852]],\n",
       " '000002': [[0.3333333333334061, 0.333333333333534, 0.333333333333444],\n",
       "  [0.333333333333297, 0.333333333333169, 0.33333333333337084],\n",
       "  [0.33333333333329684, 0.333333333333297, 0.3333333333331852]],\n",
       " '000003': [[0.3333333333337117, 0.3333333333332916, 0.3333333333333787],\n",
       "  [0.3333333333332084, 0.33333333333355636, 0.33333333333323517],\n",
       "  [0.33333333333346177, 0.333333333333152, 0.33333333333338616]],\n",
       " '000004': [[0.3333333333336842, 0.3333333333332933, 0.3333333333330225],\n",
       "  [0.3333333333328544, 0.33333333333340776, 0.33333333333366194],\n",
       "  [0.3333333333334614, 0.33333333333329895, 0.333333333332894]],\n",
       " '000005': [[0.3333333333329166, 0.3333333333336398, 0.3333333333334436],\n",
       "  [0.3333333333334574, 0.3333333333327907, 0.3333333333335856],\n",
       "  [0.333333333333626, 0.3333333333335695, 0.3333333333330357]],\n",
       " '000010': [[0.3333333333332684, 0.33333333333340254, 0.33333333333332904],\n",
       "  [0.3333333333335463, 0.3333333333332036, 0.3333333333332501],\n",
       "  [0.33333333333318527, 0.3333333333332501, 0.3333333333334927]],\n",
       " '000011': [[0.33333333333330445, 0.33333333333341747, 0.3333333333332781],\n",
       "  [0.333333333333478, 0.3333333333331662, 0.33333333333329024],\n",
       "  [0.3333333333330399, 0.33333333333341636, 0.3333333333335437]],\n",
       " '000012': [[0.33333333333345644, 0.3333333333335063, 0.33333333333303733],\n",
       "  [0.33333333333245774, 0.3333333333332656, 0.33333333333408577],\n",
       "  [0.33333333333408577, 0.3333333333332282, 0.33333333333274817]],\n",
       " '000013': [[0.3333333333333441, 0.3333333333332916, 0.33333333333336423],\n",
       "  [0.33333333333335885, 0.3333333333334918, 0.33333333333314935],\n",
       "  [0.33333333333290327, 0.3333333333332166, 0.33333333333348636]],\n",
       " '000014': [[0.3333333333329436, 0.333333333333178, 0.3333333333334189],\n",
       "  [0.3333333333328119, 0.3333333333337088, 0.33333333333314935],\n",
       "  [0.3333333333332933, 0.3333333333331132, 0.33333333333359355]],\n",
       " '000015': [[0.33333333333320775, 0.3333333333333002, 0.33333333333303733],\n",
       "  [0.33333333333244347, 0.3333333333331303, 0.3333333333342145],\n",
       "  [0.3333333333343487, 0.3333333333335695, 0.33333333333274817]],\n",
       " '000020': [[0.33333333333362014, 0.33333333333315596, 0.3333333333332239],\n",
       "  [0.33333333333327053, 0.3333333333332972, 0.33333333333343235],\n",
       "  [0.33333333333335885, 0.333333333333235, 0.3333333333334373]],\n",
       " '000021': [[0.33333333333304227, 0.3333333333333775, 0.33333333333314075],\n",
       "  [0.33333333333349635, 0.3333333333329699, 0.33333333333353377],\n",
       "  [0.3333333333334614, 0.3333333333331611, 0.3333333333334373]],\n",
       " '000022': [[0.33333333333332527, 0.333333333333534, 0.33333333333314075],\n",
       "  [0.33333333333340454, 0.33333333333314075, 0.3333333333334547],\n",
       "  [0.33333333333326975, 0.333333333333788, 0.3333333333331159]],\n",
       " '000023': [[0.33333333333313975, 0.3333333333330979, 0.33333333333376236],\n",
       "  [0.3333333333332342, 0.3333333333337567, 0.33333333333299364],\n",
       "  [0.333333333333626, 0.3333333333331454, 0.333333333333244]],\n",
       " '000024': [[0.3333333333336114, 0.33333333333322707, 0.3333333333328436],\n",
       "  [0.33333333333267984, 0.33333333333340776, 0.3333333333339124],\n",
       "  [0.3333333333332826, 0.3333333333333651, 0.33333333333324405]],\n",
       " '000025': [[0.3333333333328266, 0.3333333333342704, 0.333333333332903],\n",
       "  [0.33333333333345644, 0.33333333333308884, 0.3333333333337534],\n",
       "  [0.333333333333717, 0.3333333333329389, 0.33333333333329407]],\n",
       " '000030': [[0.3333333333328544, 0.33333333333313975, 0.33333333333400583],\n",
       "  [0.33333333333368953, 0.33333333333329274, 0.3333333333327507],\n",
       "  [0.33333333333345605, 0.3333333333332512, 0.33333333333324344]],\n",
       " '000031': [[0.3333333333330233, 0.33333333333324566, 0.3333333333335313],\n",
       "  [0.3333333333335706, 0.33333333333345905, 0.3333333333329386],\n",
       "  [0.3333333333334876, 0.3333333333332953, 0.33333333333324666]],\n",
       " '000032': [[0.3333333333334748, 0.33333333333299386, 0.3333333333335313],\n",
       "  [0.33333333333318493, 0.33333333333386367, 0.33333333333258724],\n",
       "  [0.33333333333334025, 0.33333333333352827, 0.33333333333326165]],\n",
       " '000033': [[0.3333333333335569, 0.3333333333329768, 0.3333333333334663],\n",
       "  [0.3333333333336496, 0.33333333333349185, 0.3333333333328586],\n",
       "  [0.3333333333328529, 0.33333333333355136, 0.33333333333332665]],\n",
       " '000034': [[0.33333333333282666, 0.333333333333642, 0.3333333333335313],\n",
       "  [0.333333333333717, 0.3333333333335559, 0.333333333332727],\n",
       "  [0.3333333333334564, 0.33333333333321696, 0.33333333333332665]],\n",
       " '000035': [[0.3333333333327631, 0.3333333333342704, 0.33333333333388526],\n",
       "  [0.3333333333337088, 0.3333333333331303, 0.33333333333316095],\n",
       "  [0.33333333333352816, 0.3333333333335695, 0.3333333333328927]],\n",
       " '000040': [[0.33333333333333465, 0.3333333333333417, 0.33333333333321763],\n",
       "  [0.3333333333338388, 0.3333333333340117, 0.33333333333269827],\n",
       "  [0.3333333333330813, 0.3333333333326466, 0.33333333333365217]],\n",
       " '000041': [[0.33333333333338117, 0.3333333333333775, 0.3333333333332414],\n",
       "  [0.33333333333316145, 0.3333333333332062, 0.3333333333333882],\n",
       "  [0.3333333333334574, 0.33333333333341636, 0.3333333333333704]],\n",
       " '000042': [[0.3333333333337088, 0.3333333333324489, 0.3333333333332414],\n",
       "  [0.33333333333310594, 0.333333333334254, 0.3333333333329251],\n",
       "  [0.3333333333331853, 0.33333333333298126, 0.33333333333383347]],\n",
       " '000043': [[0.3333333333334614, 0.33333333333308973, 0.33333333333370446],\n",
       "  [0.33333333333349635, 0.3333333333334718, 0.33333333333338827],\n",
       "  [0.33333333333304227, 0.33333333333343845, 0.3333333333333704]],\n",
       " '000044': [[0.33333333333367626, 0.33333333333331905, 0.3333333333330047],\n",
       "  [0.3333333333334932, 0.333333333333382, 0.3333333333331248],\n",
       "  [0.3333333333330399, 0.33333333333329895, 0.3333333333336611]],\n",
       " '000045': [[0.3333333333334892, 0.3333333333336398, 0.3333333333332414],\n",
       "  [0.33333333333373794, 0.3333333333327907, 0.33333333333347137],\n",
       "  [0.3333333333327729, 0.3333333333335695, 0.33333333333328724]],\n",
       " '000050': [[0.333333333333626, 0.33333333333310033, 0.33333333333340226],\n",
       "  [0.33333333333258097, 0.33333333333387993, 0.3333333333335391],\n",
       "  [0.333333333333793, 0.33333333333288795, 0.33333333333331905]],\n",
       " '000051': [[0.33333333333333065, 0.33333333333326703, 0.33333333333340226],\n",
       "  [0.33333333333327286, 0.33333333333310033, 0.3333333333335391],\n",
       "  [0.33333333333345533, 0.33333333333323095, 0.33333333333321463]],\n",
       " '000052': [[0.33333333333325105, 0.33333333333327136, 0.3333333333333946],\n",
       "  [0.33333333333304227, 0.3333333333334316, 0.3333333333335261],\n",
       "  [0.3333333333334964, 0.333333333333297, 0.33333333333334136]],\n",
       " '000053': [[0.33333333333353227, 0.3333333333333352, 0.33333333333313253],\n",
       "  [0.3333333333331853, 0.3333333333330058, 0.3333333333338089],\n",
       "  [0.33333333333323795, 0.3333333333331929, 0.3333333333330586]],\n",
       " '000054': [[0.3333333333334215, 0.33333333333328785, 0.33333333333329784],\n",
       "  [0.33333333333334936, 0.33333333333312454, 0.3333333333335261],\n",
       "  [0.3333333333332292, 0.3333333333334518, 0.33333333333331905]],\n",
       " '000055': [[0.33333333333290427, 0.33333333333287263, 0.3333333333336611],\n",
       "  [0.33333333333369125, 0.33333333333355786, 0.33333333333346626],\n",
       "  [0.33333333333303855, 0.3333333333335695, 0.33333333333339193]],\n",
       " '000100': [[0.33333333333330445, 0.33333333333341747, 0.3333333333332781],\n",
       "  [0.3333333333330399, 0.33333333333341636, 0.3333333333335437],\n",
       "  [0.333333333333478, 0.3333333333331662, 0.33333333333329024]],\n",
       " '000101': [[0.3333333333332684, 0.33333333333340254, 0.33333333333332904],\n",
       "  [0.33333333333318527, 0.3333333333332501, 0.3333333333334927],\n",
       "  [0.3333333333335463, 0.3333333333332036, 0.3333333333332501]],\n",
       " '000102': [[0.3333333333333441, 0.3333333333332916, 0.33333333333336423],\n",
       "  [0.33333333333290327, 0.3333333333332166, 0.33333333333348636],\n",
       "  [0.33333333333335885, 0.3333333333334918, 0.33333333333314935]],\n",
       " '000103': [[0.33333333333345644, 0.3333333333335063, 0.33333333333303733],\n",
       "  [0.33333333333408577, 0.3333333333332282, 0.33333333333274817],\n",
       "  [0.33333333333245774, 0.3333333333332656, 0.33333333333408577]],\n",
       " '000104': [[0.33333333333320775, 0.3333333333333002, 0.33333333333303733],\n",
       "  [0.3333333333343487, 0.3333333333335695, 0.33333333333274817],\n",
       "  [0.33333333333244347, 0.3333333333331303, 0.3333333333342145]],\n",
       " '000105': [[0.3333333333329436, 0.333333333333178, 0.3333333333334189],\n",
       "  [0.3333333333332933, 0.3333333333331132, 0.33333333333359355],\n",
       "  [0.3333333333328119, 0.3333333333337088, 0.33333333333314935]],\n",
       " '000110': [[0.3333333333331924, 0.33333333333324566, 0.3333333333333787],\n",
       "  [0.33333333333365567, 0.3333333333331592, 0.3333333333331852],\n",
       "  [0.33333333333369036, 0.33333333333295706, 0.3333333333334361]],\n",
       " '000111': [[0.33333333333340454, 0.3333333333334678, 0.3333333333333434],\n",
       "  [0.3333333333332702, 0.3333333333333939, 0.33333333333328574],\n",
       "  [0.3333333333333253, 0.3333333333331383, 0.33333333333327014]],\n",
       " '000112': [[0.3333333333337117, 0.3333333333332916, 0.3333333333333787],\n",
       "  [0.33333333333346177, 0.333333333333152, 0.33333333333338616],\n",
       "  [0.3333333333332084, 0.33333333333355636, 0.33333333333323517]],\n",
       " '000113': [[0.3333333333334061, 0.333333333333534, 0.333333333333444],\n",
       "  [0.33333333333329684, 0.333333333333297, 0.3333333333331852],\n",
       "  [0.333333333333297, 0.333333333333169, 0.33333333333337084]],\n",
       " '000114': [[0.3333333333329166, 0.3333333333336398, 0.3333333333334436],\n",
       "  [0.333333333333626, 0.3333333333335695, 0.3333333333330357],\n",
       "  [0.3333333333334574, 0.3333333333327907, 0.3333333333335856]],\n",
       " '000115': [[0.3333333333336842, 0.3333333333332933, 0.3333333333330225],\n",
       "  [0.3333333333334614, 0.33333333333329895, 0.333333333332894],\n",
       "  [0.3333333333328544, 0.33333333333340776, 0.33333333333366194]],\n",
       " '000120': [[0.3333333333330233, 0.33333333333324566, 0.3333333333335313],\n",
       "  [0.3333333333334876, 0.3333333333332953, 0.33333333333324666],\n",
       "  [0.3333333333335706, 0.33333333333345905, 0.3333333333329386]],\n",
       " '000121': [[0.3333333333328544, 0.33333333333313975, 0.33333333333400583],\n",
       "  [0.33333333333345605, 0.3333333333332512, 0.33333333333324344],\n",
       "  [0.33333333333368953, 0.33333333333329274, 0.3333333333327507]],\n",
       " '000122': [[0.3333333333335569, 0.3333333333329768, 0.3333333333334663],\n",
       "  [0.3333333333328529, 0.33333333333355136, 0.33333333333332665],\n",
       "  [0.3333333333336496, 0.33333333333349185, 0.3333333333328586]],\n",
       " '000123': [[0.3333333333334748, 0.33333333333299386, 0.3333333333335313],\n",
       "  [0.33333333333334025, 0.33333333333352827, 0.33333333333326165],\n",
       "  [0.33333333333318493, 0.33333333333386367, 0.33333333333258724]],\n",
       " '000124': [[0.3333333333327631, 0.3333333333342704, 0.33333333333388526],\n",
       "  [0.33333333333352816, 0.3333333333335695, 0.3333333333328927],\n",
       "  [0.3333333333337088, 0.3333333333331303, 0.33333333333316095]],\n",
       " '000125': [[0.33333333333282666, 0.333333333333642, 0.3333333333335313],\n",
       "  [0.3333333333334564, 0.33333333333321696, 0.33333333333332665],\n",
       "  [0.333333333333717, 0.3333333333335559, 0.333333333332727]],\n",
       " '000130': [[0.33333333333304227, 0.3333333333333775, 0.33333333333314075],\n",
       "  [0.3333333333334614, 0.3333333333331611, 0.3333333333334373],\n",
       "  [0.33333333333349635, 0.3333333333329699, 0.33333333333353377]],\n",
       " '000131': [[0.33333333333362014, 0.33333333333315596, 0.3333333333332239],\n",
       "  [0.33333333333335885, 0.333333333333235, 0.3333333333334373],\n",
       "  [0.33333333333327053, 0.3333333333332972, 0.33333333333343235]],\n",
       " '000132': [[0.33333333333313975, 0.3333333333330979, 0.33333333333376236],\n",
       "  [0.333333333333626, 0.3333333333331454, 0.333333333333244],\n",
       "  [0.3333333333332342, 0.3333333333337567, 0.33333333333299364]],\n",
       " '000133': [[0.33333333333332527, 0.333333333333534, 0.33333333333314075],\n",
       "  [0.33333333333326975, 0.333333333333788, 0.3333333333331159],\n",
       "  [0.33333333333340454, 0.33333333333314075, 0.3333333333334547]],\n",
       " '000134': [[0.3333333333328266, 0.3333333333342704, 0.333333333332903],\n",
       "  [0.333333333333717, 0.3333333333329389, 0.33333333333329407],\n",
       "  [0.33333333333345644, 0.33333333333308884, 0.3333333333337534]],\n",
       " '000135': [[0.3333333333336114, 0.33333333333322707, 0.3333333333328436],\n",
       "  [0.3333333333332826, 0.3333333333333651, 0.33333333333324405],\n",
       "  [0.33333333333267984, 0.33333333333340776, 0.3333333333339124]],\n",
       " '000140': [[0.33333333333333065, 0.33333333333326703, 0.33333333333340226],\n",
       "  [0.33333333333345533, 0.33333333333323095, 0.33333333333321463],\n",
       "  [0.33333333333327286, 0.33333333333310033, 0.3333333333335391]],\n",
       " '000141': [[0.333333333333626, 0.33333333333310033, 0.33333333333340226],\n",
       "  [0.333333333333793, 0.33333333333288795, 0.33333333333331905],\n",
       "  [0.33333333333258097, 0.33333333333387993, 0.3333333333335391]],\n",
       " '000142': [[0.33333333333353227, 0.3333333333333352, 0.33333333333313253],\n",
       "  [0.33333333333323795, 0.3333333333331929, 0.3333333333330586],\n",
       "  [0.3333333333331853, 0.3333333333330058, 0.3333333333338089]],\n",
       " '000143': [[0.33333333333325105, 0.33333333333327136, 0.3333333333333946],\n",
       "  [0.3333333333334964, 0.333333333333297, 0.33333333333334136],\n",
       "  [0.33333333333304227, 0.3333333333334316, 0.3333333333335261]],\n",
       " '000144': [[0.33333333333290427, 0.33333333333287263, 0.3333333333336611],\n",
       "  [0.33333333333303855, 0.3333333333335695, 0.33333333333339193],\n",
       "  [0.33333333333369125, 0.33333333333355786, 0.33333333333346626]],\n",
       " '000145': [[0.3333333333334215, 0.33333333333328785, 0.33333333333329784],\n",
       "  [0.3333333333332292, 0.3333333333334518, 0.33333333333331905],\n",
       "  [0.33333333333334936, 0.33333333333312454, 0.3333333333335261]],\n",
       " '000150': [[0.33333333333338117, 0.3333333333333775, 0.3333333333332414],\n",
       "  [0.3333333333334574, 0.33333333333341636, 0.3333333333333704],\n",
       "  [0.33333333333316145, 0.3333333333332062, 0.3333333333333882]],\n",
       " '000151': [[0.33333333333333465, 0.3333333333333417, 0.33333333333321763],\n",
       "  [0.3333333333330813, 0.3333333333326466, 0.33333333333365217],\n",
       "  [0.3333333333338388, 0.3333333333340117, 0.33333333333269827]],\n",
       " '000152': [[0.3333333333334614, 0.33333333333308973, 0.33333333333370446],\n",
       "  [0.33333333333304227, 0.33333333333343845, 0.3333333333333704],\n",
       "  [0.33333333333349635, 0.3333333333334718, 0.33333333333338827]],\n",
       " '000153': [[0.3333333333337088, 0.3333333333324489, 0.3333333333332414],\n",
       "  [0.3333333333331853, 0.33333333333298126, 0.33333333333383347],\n",
       "  [0.33333333333310594, 0.333333333334254, 0.3333333333329251]],\n",
       " '000154': [[0.3333333333334892, 0.3333333333336398, 0.3333333333332414],\n",
       "  [0.3333333333327729, 0.3333333333335695, 0.33333333333328724],\n",
       "  [0.33333333333373794, 0.3333333333327907, 0.33333333333347137]],\n",
       " '000155': [[0.33333333333367626, 0.33333333333331905, 0.3333333333330047],\n",
       "  [0.3333333333330399, 0.33333333333329895, 0.3333333333336611],\n",
       "  [0.3333333333334932, 0.333333333333382, 0.3333333333331248]],\n",
       " '000200': [[0.33333333333340454, 0.33333333333314075, 0.3333333333334547],\n",
       "  [0.33333333333332527, 0.333333333333534, 0.33333333333314075],\n",
       "  [0.33333333333326975, 0.333333333333788, 0.3333333333331159]],\n",
       " '000201': [[0.33333333333267984, 0.33333333333340776, 0.3333333333339124],\n",
       "  [0.3333333333336114, 0.33333333333322707, 0.3333333333328436],\n",
       "  [0.3333333333332826, 0.3333333333333651, 0.33333333333324405]],\n",
       " '000202': [[0.33333333333327053, 0.3333333333332972, 0.33333333333343235],\n",
       "  [0.33333333333362014, 0.33333333333315596, 0.3333333333332239],\n",
       "  [0.33333333333335885, 0.333333333333235, 0.3333333333334373]],\n",
       " '000203': [[0.33333333333345644, 0.33333333333308884, 0.3333333333337534],\n",
       "  [0.3333333333328266, 0.3333333333342704, 0.333333333332903],\n",
       "  [0.333333333333717, 0.3333333333329389, 0.33333333333329407]],\n",
       " '000204': [[0.33333333333349635, 0.3333333333329699, 0.33333333333353377],\n",
       "  [0.33333333333304227, 0.3333333333333775, 0.33333333333314075],\n",
       "  [0.3333333333334614, 0.3333333333331611, 0.3333333333334373]],\n",
       " '000205': [[0.3333333333332342, 0.3333333333337567, 0.33333333333299364],\n",
       "  [0.33333333333313975, 0.3333333333330979, 0.33333333333376236],\n",
       "  [0.333333333333626, 0.3333333333331454, 0.333333333333244]],\n",
       " '000210': [[0.33333333333310594, 0.333333333334254, 0.3333333333329251],\n",
       "  [0.3333333333337088, 0.3333333333324489, 0.3333333333332414],\n",
       "  [0.3333333333331853, 0.33333333333298126, 0.33333333333383347]],\n",
       " '000211': [[0.3333333333334932, 0.333333333333382, 0.3333333333331248],\n",
       "  [0.33333333333367626, 0.33333333333331905, 0.3333333333330047],\n",
       "  [0.3333333333330399, 0.33333333333329895, 0.3333333333336611]],\n",
       " '000212': [[0.3333333333338388, 0.3333333333340117, 0.33333333333269827],\n",
       "  [0.33333333333333465, 0.3333333333333417, 0.33333333333321763],\n",
       "  [0.3333333333330813, 0.3333333333326466, 0.33333333333365217]],\n",
       " '000213': [[0.33333333333373794, 0.3333333333327907, 0.33333333333347137],\n",
       "  [0.3333333333334892, 0.3333333333336398, 0.3333333333332414],\n",
       "  [0.3333333333327729, 0.3333333333335695, 0.33333333333328724]],\n",
       " '000214': [[0.33333333333316145, 0.3333333333332062, 0.3333333333333882],\n",
       "  [0.33333333333338117, 0.3333333333333775, 0.3333333333332414],\n",
       "  [0.3333333333334574, 0.33333333333341636, 0.3333333333333704]],\n",
       " '000215': [[0.33333333333349635, 0.3333333333334718, 0.33333333333338827],\n",
       "  [0.3333333333334614, 0.33333333333308973, 0.33333333333370446],\n",
       "  [0.33333333333304227, 0.33333333333343845, 0.3333333333333704]],\n",
       " '000220': [[0.333333333333297, 0.333333333333169, 0.33333333333337084],\n",
       "  [0.3333333333334061, 0.333333333333534, 0.333333333333444],\n",
       "  [0.33333333333329684, 0.333333333333297, 0.3333333333331852]],\n",
       " '000221': [[0.3333333333328544, 0.33333333333340776, 0.33333333333366194],\n",
       "  [0.3333333333336842, 0.3333333333332933, 0.3333333333330225],\n",
       "  [0.3333333333334614, 0.33333333333329895, 0.333333333332894]],\n",
       " '000222': [[0.3333333333333253, 0.3333333333331383, 0.33333333333327014],\n",
       "  [0.33333333333340454, 0.3333333333334678, 0.3333333333333434],\n",
       "  [0.3333333333332702, 0.3333333333333939, 0.33333333333328574]],\n",
       " '000223': [[0.3333333333334574, 0.3333333333327907, 0.3333333333335856],\n",
       "  [0.3333333333329166, 0.3333333333336398, 0.3333333333334436],\n",
       "  [0.333333333333626, 0.3333333333335695, 0.3333333333330357]],\n",
       " '000224': [[0.33333333333369036, 0.33333333333295706, 0.3333333333334361],\n",
       "  [0.3333333333331924, 0.33333333333324566, 0.3333333333333787],\n",
       "  [0.33333333333365567, 0.3333333333331592, 0.3333333333331852]],\n",
       " '000225': [[0.3333333333332084, 0.33333333333355636, 0.33333333333323517],\n",
       "  [0.3333333333337117, 0.3333333333332916, 0.3333333333333787],\n",
       "  [0.33333333333346177, 0.333333333333152, 0.33333333333338616]],\n",
       " '000230': [[0.33333333333304227, 0.3333333333334316, 0.3333333333335261],\n",
       "  [0.33333333333325105, 0.33333333333327136, 0.3333333333333946],\n",
       "  [0.3333333333334964, 0.333333333333297, 0.33333333333334136]],\n",
       " '000231': [[0.33333333333334936, 0.33333333333312454, 0.3333333333335261],\n",
       "  [0.3333333333334215, 0.33333333333328785, 0.33333333333329784],\n",
       "  [0.3333333333332292, 0.3333333333334518, 0.33333333333331905]],\n",
       " '000232': [[0.33333333333258097, 0.33333333333387993, 0.3333333333335391],\n",
       "  [0.333333333333626, 0.33333333333310033, 0.33333333333340226],\n",
       "  [0.333333333333793, 0.33333333333288795, 0.33333333333331905]],\n",
       " '000233': [[0.33333333333369125, 0.33333333333355786, 0.33333333333346626],\n",
       "  [0.33333333333290427, 0.33333333333287263, 0.3333333333336611],\n",
       "  [0.33333333333303855, 0.3333333333335695, 0.33333333333339193]],\n",
       " '000234': [[0.33333333333327286, 0.33333333333310033, 0.3333333333335391],\n",
       "  [0.33333333333333065, 0.33333333333326703, 0.33333333333340226],\n",
       "  [0.33333333333345533, 0.33333333333323095, 0.33333333333321463]],\n",
       " '000235': [[0.3333333333331853, 0.3333333333330058, 0.3333333333338089],\n",
       "  [0.33333333333353227, 0.3333333333333352, 0.33333333333313253],\n",
       "  [0.33333333333323795, 0.3333333333331929, 0.3333333333330586]],\n",
       " '000240': [[0.33333333333245774, 0.3333333333332656, 0.33333333333408577],\n",
       "  [0.33333333333345644, 0.3333333333335063, 0.33333333333303733],\n",
       "  [0.33333333333408577, 0.3333333333332282, 0.33333333333274817]],\n",
       " '000241': [[0.3333333333328119, 0.3333333333337088, 0.33333333333314935],\n",
       "  [0.3333333333329436, 0.333333333333178, 0.3333333333334189],\n",
       "  [0.3333333333332933, 0.3333333333331132, 0.33333333333359355]],\n",
       " '000242': [[0.3333333333335463, 0.3333333333332036, 0.3333333333332501],\n",
       "  [0.3333333333332684, 0.33333333333340254, 0.33333333333332904],\n",
       "  [0.33333333333318527, 0.3333333333332501, 0.3333333333334927]],\n",
       " '000243': [[0.33333333333244347, 0.3333333333331303, 0.3333333333342145],\n",
       "  [0.33333333333320775, 0.3333333333333002, 0.33333333333303733],\n",
       "  [0.3333333333343487, 0.3333333333335695, 0.33333333333274817]],\n",
       " '000244': [[0.333333333333478, 0.3333333333331662, 0.33333333333329024],\n",
       "  [0.33333333333330445, 0.33333333333341747, 0.3333333333332781],\n",
       "  [0.3333333333330399, 0.33333333333341636, 0.3333333333335437]],\n",
       " '000245': [[0.33333333333335885, 0.3333333333334918, 0.33333333333314935],\n",
       "  [0.3333333333333441, 0.3333333333332916, 0.33333333333336423],\n",
       "  [0.33333333333290327, 0.3333333333332166, 0.33333333333348636]],\n",
       " '000250': [[0.33333333333318493, 0.33333333333386367, 0.33333333333258724],\n",
       "  [0.3333333333334748, 0.33333333333299386, 0.3333333333335313],\n",
       "  [0.33333333333334025, 0.33333333333352827, 0.33333333333326165]],\n",
       " '000251': [[0.333333333333717, 0.3333333333335559, 0.333333333332727],\n",
       "  [0.33333333333282666, 0.333333333333642, 0.3333333333335313],\n",
       "  [0.3333333333334564, 0.33333333333321696, 0.33333333333332665]],\n",
       " '000252': [[0.33333333333368953, 0.33333333333329274, 0.3333333333327507],\n",
       "  [0.3333333333328544, 0.33333333333313975, 0.33333333333400583],\n",
       "  [0.33333333333345605, 0.3333333333332512, 0.33333333333324344]],\n",
       " '000253': [[0.3333333333337088, 0.3333333333331303, 0.33333333333316095],\n",
       "  [0.3333333333327631, 0.3333333333342704, 0.33333333333388526],\n",
       "  [0.33333333333352816, 0.3333333333335695, 0.3333333333328927]],\n",
       " '000254': [[0.3333333333335706, 0.33333333333345905, 0.3333333333329386],\n",
       "  [0.3333333333330233, 0.33333333333324566, 0.3333333333335313],\n",
       "  [0.3333333333334876, 0.3333333333332953, 0.33333333333324666]],\n",
       " '000255': [[0.3333333333336496, 0.33333333333349185, 0.3333333333328586],\n",
       "  [0.3333333333335569, 0.3333333333329768, 0.3333333333334663],\n",
       "  [0.3333333333328529, 0.33333333333355136, 0.33333333333332665]],\n",
       " '000300': [[0.3333333333334932, 0.333333333333382, 0.3333333333331248],\n",
       "  [0.3333333333330399, 0.33333333333329895, 0.3333333333336611],\n",
       "  [0.33333333333367626, 0.33333333333331905, 0.3333333333330047]],\n",
       " '000301': [[0.33333333333310594, 0.333333333334254, 0.3333333333329251],\n",
       "  [0.3333333333331853, 0.33333333333298126, 0.33333333333383347],\n",
       "  [0.3333333333337088, 0.3333333333324489, 0.3333333333332414]],\n",
       " '000302': [[0.33333333333373794, 0.3333333333327907, 0.33333333333347137],\n",
       "  [0.3333333333327729, 0.3333333333335695, 0.33333333333328724],\n",
       "  [0.3333333333334892, 0.3333333333336398, 0.3333333333332414]],\n",
       " '000303': [[0.3333333333338388, 0.3333333333340117, 0.33333333333269827],\n",
       "  [0.3333333333330813, 0.3333333333326466, 0.33333333333365217],\n",
       "  [0.33333333333333465, 0.3333333333333417, 0.33333333333321763]],\n",
       " '000304': [[0.33333333333349635, 0.3333333333334718, 0.33333333333338827],\n",
       "  [0.33333333333304227, 0.33333333333343845, 0.3333333333333704],\n",
       "  [0.3333333333334614, 0.33333333333308973, 0.33333333333370446]],\n",
       " '000305': [[0.33333333333316145, 0.3333333333332062, 0.3333333333333882],\n",
       "  [0.3333333333334574, 0.33333333333341636, 0.3333333333333704],\n",
       "  [0.33333333333338117, 0.3333333333333775, 0.3333333333332414]],\n",
       " '000310': [[0.33333333333267984, 0.33333333333340776, 0.3333333333339124],\n",
       "  [0.3333333333332826, 0.3333333333333651, 0.33333333333324405],\n",
       "  [0.3333333333336114, 0.33333333333322707, 0.3333333333328436]],\n",
       " '000311': [[0.33333333333340454, 0.33333333333314075, 0.3333333333334547],\n",
       "  [0.33333333333326975, 0.333333333333788, 0.3333333333331159],\n",
       "  [0.33333333333332527, 0.333333333333534, 0.33333333333314075]],\n",
       " '000312': [[0.33333333333345644, 0.33333333333308884, 0.3333333333337534],\n",
       "  [0.333333333333717, 0.3333333333329389, 0.33333333333329407],\n",
       "  [0.3333333333328266, 0.3333333333342704, 0.333333333332903]],\n",
       " '000313': [[0.33333333333327053, 0.3333333333332972, 0.33333333333343235],\n",
       "  [0.33333333333335885, 0.333333333333235, 0.3333333333334373],\n",
       "  [0.33333333333362014, 0.33333333333315596, 0.3333333333332239]],\n",
       " '000314': [[0.3333333333332342, 0.3333333333337567, 0.33333333333299364],\n",
       "  [0.333333333333626, 0.3333333333331454, 0.333333333333244],\n",
       "  [0.33333333333313975, 0.3333333333330979, 0.33333333333376236]],\n",
       " '000315': [[0.33333333333349635, 0.3333333333329699, 0.33333333333353377],\n",
       "  [0.3333333333334614, 0.3333333333331611, 0.3333333333334373],\n",
       "  [0.33333333333304227, 0.3333333333333775, 0.33333333333314075]],\n",
       " '000320': [[0.33333333333334936, 0.33333333333312454, 0.3333333333335261],\n",
       "  [0.3333333333332292, 0.3333333333334518, 0.33333333333331905],\n",
       "  [0.3333333333334215, 0.33333333333328785, 0.33333333333329784]],\n",
       " '000321': [[0.33333333333304227, 0.3333333333334316, 0.3333333333335261],\n",
       "  [0.3333333333334964, 0.333333333333297, 0.33333333333334136],\n",
       "  [0.33333333333325105, 0.33333333333327136, 0.3333333333333946]],\n",
       " '000322': [[0.33333333333369125, 0.33333333333355786, 0.33333333333346626],\n",
       "  [0.33333333333303855, 0.3333333333335695, 0.33333333333339193],\n",
       "  [0.33333333333290427, 0.33333333333287263, 0.3333333333336611]],\n",
       " '000323': [[0.33333333333258097, 0.33333333333387993, 0.3333333333335391],\n",
       "  [0.333333333333793, 0.33333333333288795, 0.33333333333331905],\n",
       "  [0.333333333333626, 0.33333333333310033, 0.33333333333340226]],\n",
       " '000324': [[0.3333333333331853, 0.3333333333330058, 0.3333333333338089],\n",
       "  [0.33333333333323795, 0.3333333333331929, 0.3333333333330586],\n",
       "  [0.33333333333353227, 0.3333333333333352, 0.33333333333313253]],\n",
       " '000325': [[0.33333333333327286, 0.33333333333310033, 0.3333333333335391],\n",
       "  [0.33333333333345533, 0.33333333333323095, 0.33333333333321463],\n",
       "  [0.33333333333333065, 0.33333333333326703, 0.33333333333340226]],\n",
       " '000330': [[0.3333333333328544, 0.33333333333340776, 0.33333333333366194],\n",
       "  [0.3333333333334614, 0.33333333333329895, 0.333333333332894],\n",
       "  [0.3333333333336842, 0.3333333333332933, 0.3333333333330225]],\n",
       " '000331': [[0.333333333333297, 0.333333333333169, 0.33333333333337084],\n",
       "  [0.33333333333329684, 0.333333333333297, 0.3333333333331852],\n",
       "  [0.3333333333334061, 0.333333333333534, 0.333333333333444]],\n",
       " '000332': [[0.3333333333334574, 0.3333333333327907, 0.3333333333335856],\n",
       "  [0.333333333333626, 0.3333333333335695, 0.3333333333330357],\n",
       "  [0.3333333333329166, 0.3333333333336398, 0.3333333333334436]],\n",
       " '000333': [[0.3333333333333253, 0.3333333333331383, 0.33333333333327014],\n",
       "  [0.3333333333332702, 0.3333333333333939, 0.33333333333328574],\n",
       "  [0.33333333333340454, 0.3333333333334678, 0.3333333333333434]],\n",
       " '000334': [[0.3333333333332084, 0.33333333333355636, 0.33333333333323517],\n",
       "  [0.33333333333346177, 0.333333333333152, 0.33333333333338616],\n",
       "  [0.3333333333337117, 0.3333333333332916, 0.3333333333333787]],\n",
       " '000335': [[0.33333333333369036, 0.33333333333295706, 0.3333333333334361],\n",
       "  [0.33333333333365567, 0.3333333333331592, 0.3333333333331852],\n",
       "  [0.3333333333331924, 0.33333333333324566, 0.3333333333333787]],\n",
       " '000340': [[0.333333333333717, 0.3333333333335559, 0.333333333332727],\n",
       "  [0.3333333333334564, 0.33333333333321696, 0.33333333333332665],\n",
       "  [0.33333333333282666, 0.333333333333642, 0.3333333333335313]],\n",
       " '000341': [[0.33333333333318493, 0.33333333333386367, 0.33333333333258724],\n",
       "  [0.33333333333334025, 0.33333333333352827, 0.33333333333326165],\n",
       "  [0.3333333333334748, 0.33333333333299386, 0.3333333333335313]],\n",
       " '000342': [[0.3333333333337088, 0.3333333333331303, 0.33333333333316095],\n",
       "  [0.33333333333352816, 0.3333333333335695, 0.3333333333328927],\n",
       "  [0.3333333333327631, 0.3333333333342704, 0.33333333333388526]],\n",
       " '000343': [[0.33333333333368953, 0.33333333333329274, 0.3333333333327507],\n",
       "  [0.33333333333345605, 0.3333333333332512, 0.33333333333324344],\n",
       "  [0.3333333333328544, 0.33333333333313975, 0.33333333333400583]],\n",
       " '000344': [[0.3333333333336496, 0.33333333333349185, 0.3333333333328586],\n",
       "  [0.3333333333328529, 0.33333333333355136, 0.33333333333332665],\n",
       "  [0.3333333333335569, 0.3333333333329768, 0.3333333333334663]],\n",
       " '000345': [[0.3333333333335706, 0.33333333333345905, 0.3333333333329386],\n",
       "  [0.3333333333334876, 0.3333333333332953, 0.33333333333324666],\n",
       "  [0.3333333333330233, 0.33333333333324566, 0.3333333333335313]],\n",
       " '000350': [[0.3333333333328119, 0.3333333333337088, 0.33333333333314935],\n",
       "  [0.3333333333332933, 0.3333333333331132, 0.33333333333359355],\n",
       "  [0.3333333333329436, 0.333333333333178, 0.3333333333334189]],\n",
       " '000351': [[0.33333333333245774, 0.3333333333332656, 0.33333333333408577],\n",
       "  [0.33333333333408577, 0.3333333333332282, 0.33333333333274817],\n",
       "  [0.33333333333345644, 0.3333333333335063, 0.33333333333303733]],\n",
       " '000352': [[0.33333333333244347, 0.3333333333331303, 0.3333333333342145],\n",
       "  [0.3333333333343487, 0.3333333333335695, 0.33333333333274817],\n",
       "  [0.33333333333320775, 0.3333333333333002, 0.33333333333303733]],\n",
       " '000353': [[0.3333333333335463, 0.3333333333332036, 0.3333333333332501],\n",
       "  [0.33333333333318527, 0.3333333333332501, 0.3333333333334927],\n",
       "  [0.3333333333332684, 0.33333333333340254, 0.33333333333332904]],\n",
       " '000354': [[0.33333333333335885, 0.3333333333334918, 0.33333333333314935],\n",
       "  [0.33333333333290327, 0.3333333333332166, 0.33333333333348636],\n",
       "  [0.3333333333333441, 0.3333333333332916, 0.33333333333336423]],\n",
       " '000355': [[0.333333333333478, 0.3333333333331662, 0.33333333333329024],\n",
       "  [0.3333333333330399, 0.33333333333341636, 0.3333333333335437],\n",
       "  [0.33333333333330445, 0.33333333333341747, 0.3333333333332781]],\n",
       " '000400': [[0.3333333333328529, 0.33333333333355136, 0.33333333333332665],\n",
       "  [0.3333333333335569, 0.3333333333329768, 0.3333333333334663],\n",
       "  [0.3333333333336496, 0.33333333333349185, 0.3333333333328586]],\n",
       " '000401': [[0.33333333333352816, 0.3333333333335695, 0.3333333333328927],\n",
       "  [0.3333333333327631, 0.3333333333342704, 0.33333333333388526],\n",
       "  [0.3333333333337088, 0.3333333333331303, 0.33333333333316095]],\n",
       " '000402': [[0.3333333333334876, 0.3333333333332953, 0.33333333333324666],\n",
       "  [0.3333333333330233, 0.33333333333324566, 0.3333333333335313],\n",
       "  [0.3333333333335706, 0.33333333333345905, 0.3333333333329386]],\n",
       " '000403': [[0.3333333333334564, 0.33333333333321696, 0.33333333333332665],\n",
       "  [0.33333333333282666, 0.333333333333642, 0.3333333333335313],\n",
       "  [0.333333333333717, 0.3333333333335559, 0.333333333332727]],\n",
       " '000404': [[0.33333333333345605, 0.3333333333332512, 0.33333333333324344],\n",
       "  [0.3333333333328544, 0.33333333333313975, 0.33333333333400583],\n",
       "  [0.33333333333368953, 0.33333333333329274, 0.3333333333327507]],\n",
       " '000405': [[0.33333333333334025, 0.33333333333352827, 0.33333333333326165],\n",
       "  [0.3333333333334748, 0.33333333333299386, 0.3333333333335313],\n",
       "  [0.33333333333318493, 0.33333333333386367, 0.33333333333258724]],\n",
       " '000410': [[0.33333333333323795, 0.3333333333331929, 0.3333333333330586],\n",
       "  [0.33333333333353227, 0.3333333333333352, 0.33333333333313253],\n",
       "  [0.3333333333331853, 0.3333333333330058, 0.3333333333338089]],\n",
       " '000411': [[0.33333333333303855, 0.3333333333335695, 0.33333333333339193],\n",
       "  [0.33333333333290427, 0.33333333333287263, 0.3333333333336611],\n",
       "  [0.33333333333369125, 0.33333333333355786, 0.33333333333346626]],\n",
       " '000412': [[0.33333333333345533, 0.33333333333323095, 0.33333333333321463],\n",
       "  [0.33333333333333065, 0.33333333333326703, 0.33333333333340226],\n",
       "  [0.33333333333327286, 0.33333333333310033, 0.3333333333335391]],\n",
       " '000413': [[0.3333333333332292, 0.3333333333334518, 0.33333333333331905],\n",
       "  [0.3333333333334215, 0.33333333333328785, 0.33333333333329784],\n",
       "  [0.33333333333334936, 0.33333333333312454, 0.3333333333335261]],\n",
       " '000414': [[0.333333333333793, 0.33333333333288795, 0.33333333333331905],\n",
       "  [0.333333333333626, 0.33333333333310033, 0.33333333333340226],\n",
       "  [0.33333333333258097, 0.33333333333387993, 0.3333333333335391]],\n",
       " '000415': [[0.3333333333334964, 0.333333333333297, 0.33333333333334136],\n",
       "  [0.33333333333325105, 0.33333333333327136, 0.3333333333333946],\n",
       "  [0.33333333333304227, 0.3333333333334316, 0.3333333333335261]],\n",
       " '000420': [[0.33333333333290327, 0.3333333333332166, 0.33333333333348636],\n",
       "  [0.3333333333333441, 0.3333333333332916, 0.33333333333336423],\n",
       "  [0.33333333333335885, 0.3333333333334918, 0.33333333333314935]],\n",
       " '000421': [[0.3333333333343487, 0.3333333333335695, 0.33333333333274817],\n",
       "  [0.33333333333320775, 0.3333333333333002, 0.33333333333303733],\n",
       "  [0.33333333333244347, 0.3333333333331303, 0.3333333333342145]],\n",
       " '000422': [[0.3333333333330399, 0.33333333333341636, 0.3333333333335437],\n",
       "  [0.33333333333330445, 0.33333333333341747, 0.3333333333332781],\n",
       "  [0.333333333333478, 0.3333333333331662, 0.33333333333329024]],\n",
       " '000423': [[0.3333333333332933, 0.3333333333331132, 0.33333333333359355],\n",
       "  [0.3333333333329436, 0.333333333333178, 0.3333333333334189],\n",
       "  [0.3333333333328119, 0.3333333333337088, 0.33333333333314935]],\n",
       " '000424': [[0.33333333333318527, 0.3333333333332501, 0.3333333333334927],\n",
       "  [0.3333333333332684, 0.33333333333340254, 0.33333333333332904],\n",
       "  [0.3333333333335463, 0.3333333333332036, 0.3333333333332501]],\n",
       " '000425': [[0.33333333333408577, 0.3333333333332282, 0.33333333333274817],\n",
       "  [0.33333333333345644, 0.3333333333335063, 0.33333333333303733],\n",
       "  [0.33333333333245774, 0.3333333333332656, 0.33333333333408577]],\n",
       " '000430': [[0.33333333333304227, 0.33333333333343845, 0.3333333333333704],\n",
       "  [0.3333333333334614, 0.33333333333308973, 0.33333333333370446],\n",
